precision_frac: 4/2158
precision: 0.00185356811863
---
recall_frac: 4/9
recall: 0.444444444444
---
f_measure: 0.00369173973235
